Numero poste, Longitud 1, Longitud 2
1, 144, 45
2, 179
3, 209
4, 225
5, 239
6, 305
7, 372
-
8   
9
10, 437
11, 470, 25
12, 60
13, 96
-
14
15, 114
16, 157
17, 196
-
18
19, 246, 276
20, 314
21, 349
-
22
23, 373
24, 413
25
26, 426
27, 469
28, 511
29, 521
30, 552
31, 582
32, 610, 640
33, 668
34, 700
35, 728
36, 760
37, 786
38, 813
39, 856
40, 865
41, 896, 926
42, 956
43, 986
44, 1002
45, 1013
46, 1033
47, 1060
48, 1089
49, 1104
50, 1140
51, 1160
52, 1195, 1225
53, 1259
54, 1303
55, 1346
56, 1406
57, 1436
58, 1463
59, 1477
60, 1554
61, 1580, 1610
62, 1658, 0
63, 1725, 0
64, 1734
65
66, 1782
67, 1832
68, 1868
69, 1906
70, 1949
71, 1986, 2016
72, 2058
73, 2108
74, 2137
75, 2172
76, 2205
77, 2238
78, 2290, 2320
79, 2364
80, 2399
81, 2411
82, 2452
83, 2494
84, 2522
85, 2566
86, 2610, 2640
87
-
88, 2668
89, 2695
90, 2728
91, 2753
92
-
93, 2802
94, 2868
95, 2918, 2948
96, 2997
97, 3075
98, 3152
99, 3172
100, 3194
101, 3225
102, 3264, 3294
103
-
104
105, 3328
106, 3369
107, 3405
108, 3444
109, 3490
110, 3523
111, 3567
112, 3607
46, 3650
0, 0
0, 0
0, 0
-, 0
